测角网平差结果

后验单位权中误差: 4.8741574721451702e-06

点位中误差: 
点名 deltaX                        deltaY                        delta                         
1    0.020133171005632843          0.041655689145406398          0.04626598116241331           
2    0.042331625630294127          0.029302168607540674          0.051483818949337061          
3    0.044948860580265086          0.057204411574830048          0.072751252711459602          
4    0.076215932697478464          0.066710882141118852          0.10128775934431967           

控制点成果： 
点名 X                   Y                   
A    9684.2800000000007  43836.821000000004  
B    10649.550999999999  31996.502           
1    13188.603355996624  37335.191615650692  
2    15578.485735030903  44390.983440885742  
3    19063.669458594464  37818.846007356944  
4    17814.633758958105  49923.179209481023  
