水准路线平差结果
点名                路线长              观测高差            改正数              改正后高差          高程                
A                                                                                                   45.286              
1                   1.600               2.331               -0.008              2.323               47.609              

1                                                                                                   47.609              
2                   2.100               2.813               -0.011              2.802               50.412              

2                                                                                                   50.412              
3                   1.700               -2.244              -0.009              -2.253              48.159              

3                                                                                                   48.159              
B                   2.000               1.430               -0.010              1.420               49.579              

