9 3 9 20 9 1
1.0 0.005 1.0e-6 0.7
A 5597223.9037 19481274.0210
B 5621551.5106 19484511.7810
C 5600005.9949 19517454.9558

A 2
B 0.000000
6 115.023575
B 3
4 0.000000
5 39.332200
A 78.201845
C 2
1 0.000000
3 240.075110
1 2
4 0.000000
C 237.363306
2 2
3 0.000000
5 115.464981
3 3
2 0.000000
C 50.495699
6 286.163040
4 2
1 0.000000
B 188.070883
5 2
2 0.000000
B 224.591581
6 2
A 0.000000
3 151.405343

1 4 15534.6522
1 C 15360.9913
2 3 12700.9675
2 5 11018.7723
3 6 16165.2826
3 C 14265.3244
4 B 12846.1986
5 B 20573.7224
6 A 13191.6926

2 3 168.015249

